1.064618468284606934e+00
4.248861372470855713e-01
-1.806254625320434570e+00
-2.082437753677368164e+00
8.962482959032058716e-02
-1.431775927543640137e+00
7.082030773162841797e-01
2.859947085380554199e-01
-5.145390629768371582e-01
-6.466233730316162109e-01
-1.072090387344360352e+00
1.087352395057678223e+00
8.297523260116577148e-01
-2.228156089782714844e+00
7.445848584175109863e-01
-7.619194388389587402e-01
8.752062916755676270e-02
5.143312215805053711e-01
7.301522791385650635e-02
8.999004215002059937e-02
1.194812893867492676e+00
9.823817014694213867e-01
-3.469239711761474609e+00
-1.354056477546691895e+00
-1.515276789665222168e+00
1.922557234764099121e+00
4.129687249660491943e-01
-3.508063256740570068e-01
2.935100197792053223e-01
7.171990275382995605e-01
7.345893234014511108e-02
-4.331140816211700439e-01
-1.222472071647644043e+00
5.286718606948852539e-01
-1.262132883071899414e+00
-5.090495944023132324e-01
2.699096873402595520e-02
-2.471112966537475586e+00
5.093461275100708008e-01
9.402948617935180664e-01
-2.127094984054565430e+00
5.215307474136352539e-01
1.097318649291992188e+00
6.821737289428710938e-01
1.086073279380798340e+00
7.704169154167175293e-01
1.133406281471252441e+00
9.959378838539123535e-01
-7.510793861001729965e-03
2.023019194602966309e-01
4.822810888290405273e-01
5.874193906784057617e-01
-1.430045604705810547e+00
1.688428640365600586e+00
-8.058251142501831055e-01
-5.730644240975379944e-02
-1.639076590538024902e+00
1.088380813598632812e+00
-6.664627790451049805e-01
-6.682007312774658203e-01
-1.066216468811035156e+00
1.268919467926025391e+00
-7.711774855852127075e-02
3.093481063842773438e-01
-1.547779083251953125e+00
1.789863586425781250e+00
4.522780179977416992e-01
1.516739249229431152e+00
8.106108307838439941e-01
-7.137184143066406250e-01
-7.100937366485595703e-01
1.368531227111816406e+00
1.097392737865447998e-01
1.242108225822448730e+00
2.349717170000076294e-01
5.448884367942810059e-01
-2.019135281443595886e-02
-8.824589848518371582e-01
-5.137884616851806641e-01
-1.582439184188842773e+00
-7.605007290840148926e-01
-1.541677594184875488e+00
-7.061945199966430664e-01
1.241543740034103394e-01
-4.658182859420776367e-01
-3.752594813704490662e-02
8.475582003593444824e-01
-6.125488877296447754e-01
-3.971151709556579590e-01
-2.099810391664505005e-01
4.012113437056541443e-02
5.772647261619567871e-01
-3.183761239051818848e-01
9.731965065002441406e-01
-1.038467645645141602e+00
-2.006020992994308472e-01
1.393964767456054688e+00
-8.098176717758178711e-01
1.137167572975158691e+00
-8.920928239822387695e-01
