-1.021015178412199020e-02
2.215594351291656494e-01
1.753677129745483398e-01
2.422613650560379028e-01
1.723773479461669922e-01
2.468860000371932983e-01
1.222458109259605408e-01
1.792524158954620361e-01
8.298225700855255127e-03
-2.710015177726745605e-01
1.457165181636810303e-02
2.380703389644622803e-01
-2.554548382759094238e-01
2.271268516778945923e-01
1.190375760197639465e-01
-1.611589938402175903e-01
1.935717612504959106e-01
2.675110101699829102e-01
-1.974406689405441284e-01
-2.471211850643157959e-01
-2.184576839208602905e-01
2.245612591505050659e-01
-2.505629360675811768e-01
-1.218747254461050034e-02
-2.130407840013504028e-01
2.263911813497543335e-01
2.040014415979385376e-01
-1.902558058500289917e-01
-2.492913752794265747e-01
-2.015977054834365845e-01
2.477325797080993652e-01
2.543772459030151367e-01
9.611443430185317993e-02
1.953139156103134155e-01
-1.293949335813522339e-01
-2.178017944097518921e-01
-9.459809958934783936e-02
-2.528905868530273438e-01
-2.377738058567047119e-01
1.839334219694137573e-01
-1.278636604547500610e-01
2.664422392845153809e-01
-1.694209128618240356e-01
-2.829833328723907471e-01
-2.300467938184738159e-01
-2.035236060619354248e-01
8.385264128446578979e-02
-2.244855612516403198e-01
-1.562457382678985596e-01
2.134042680263519287e-01
2.383614182472229004e-01
-7.087422162294387817e-02
-2.253999263048171997e-01
2.025261372327804565e-01
-2.569779157638549805e-01
1.885776519775390625e-01
-2.419271022081375122e-01
3.154243156313896179e-02
-1.454107165336608887e-01
2.244765460491180420e-01
1.364050060510635376e-01
-1.387909650802612305e-01
1.435956805944442749e-01
-2.052647620439529419e-01
-1.233814135193824768e-01
1.948048919439315796e-01
1.830647289752960205e-01
-1.598930954933166504e-01
-2.131960690021514893e-01
1.286728233098983765e-01
2.314800918102264404e-01
8.880601078271865845e-02
-2.574028670787811279e-01
-2.926953136920928955e-01
1.639106422662734985e-01
1.964607685804367065e-01
2.090147882699966431e-01
2.216822355985641479e-01
-9.027279913425445557e-02
2.421963959932327271e-01
1.747831255197525024e-01
1.607749909162521362e-01
-1.187882423400878906e-01
2.172220796346664429e-01
2.361108064651489258e-01
1.030708178877830505e-01
1.027156636118888855e-01
-2.560982704162597656e-01
1.506763547658920288e-01
1.827613264322280884e-01
-2.753195762634277344e-01
-2.372828871011734009e-01
-2.305795401334762573e-01
9.224057197570800781e-02
-2.320165336132049561e-01
2.018409669399261475e-01
1.809592097997665405e-01
-2.182011604309082031e-01
1.906915009021759033e-02
-2.861563265323638916e-01
