2.539110481739044189e-01
2.644703984260559082e-01
2.721334397792816162e-01
2.468558698892593384e-01
1.601657718420028687e-01
2.653882503509521484e-01
-2.043592333793640137e-01
-2.323553264141082764e-01
4.727741703391075134e-02
2.075899094343185425e-01
7.402518391609191895e-02
2.215685695409774780e-01
2.009779363870620728e-01
-2.555866837501525879e-01
-2.362745255231857300e-01
2.635961472988128662e-01
2.367746978998184204e-01
9.646828472614288330e-02
-1.226487755775451660e-01
-1.991117186844348907e-02
1.244475618004798889e-01
2.569189071655273438e-01
2.370221912860870361e-01
-2.668326199054718018e-01
-2.196577787399291992e-01
-9.569806605577468872e-02
-2.635794878005981445e-01
2.400004267692565918e-01
-2.284450531005859375e-01
-1.022140607237815857e-01
-2.612898051738739014e-01
-2.375884354114532471e-01
-2.389095872640609741e-01
-5.768484994769096375e-02
1.356692463159561157e-01
-9.908139705657958984e-02
2.162567377090454102e-01
-2.567839622497558594e-01
-1.787316948175430298e-01
-7.250905036926269531e-02
-2.452373951673507690e-01
-2.515918910503387451e-01
-2.381674945354461670e-01
1.982622146606445312e-01
1.782554090023040771e-01
-2.197086662054061890e-01
-2.652252018451690674e-01
-1.070792749524116516e-01
-2.220802605152130127e-01
-1.058337241411209106e-01
-2.447912395000457764e-01
-2.484999001026153564e-01
-2.444173544645309448e-01
2.455055415630340576e-01
4.546371102333068848e-02
2.341118156909942627e-01
-2.601954638957977295e-01
2.588500678539276123e-01
-2.609155774116516113e-01
3.676824644207954407e-02
-2.620531618595123291e-01
-1.929655969142913818e-01
-8.559115231037139893e-02
-1.135781109333038330e-01
-2.248160392045974731e-01
-4.184710979461669922e-02
-2.424571812152862549e-01
2.833257801830768585e-02
-2.635801434516906738e-01
7.975728809833526611e-02
-2.106454521417617798e-01
-2.386597096920013428e-01
2.530175745487213135e-01
-2.353124022483825684e-01
-1.373677104711532593e-01
2.516988515853881836e-01
-4.829153791069984436e-02
1.899188309907913208e-01
1.845729649066925049e-01
1.850968152284622192e-01
-1.774001866579055786e-01
5.432387441396713257e-02
-2.141876667737960815e-01
-2.512016892433166504e-01
-9.652298688888549805e-02
-1.909586787223815918e-01
1.451115310192108154e-01
2.355861961841583252e-01
1.832554936408996582e-01
-1.506644040346145630e-01
9.099315106868743896e-02
2.316389381885528564e-01
2.466448992490768433e-01
-2.698202989995479584e-02
2.349106818437576294e-01
7.781729102134704590e-02
-1.101631671190261841e-01
-2.149766385555267334e-01
2.192456722259521484e-01
-2.603021860122680664e-01
