-2.173579633235931396e-01
1.693549901247024536e-01
8.261673152446746826e-02
2.608553767204284668e-01
-1.976081281900405884e-01
-5.581634119153022766e-02
1.939635574817657471e-01
-2.453712671995162964e-01
1.806508004665374756e-01
2.308117300271987915e-01
-9.864833950996398926e-02
1.639417111873626709e-01
-1.600932627916336060e-01
-4.330562055110931396e-02
2.215495854616165161e-01
2.327095568180084229e-01
-1.762394756078720093e-01
-2.539071738719940186e-01
1.917602121829986572e-01
-1.646458655595779419e-01
-1.599008589982986450e-01
9.420918673276901245e-02
-1.256106793880462646e-01
-1.664845049381256104e-01
-1.785295456647872925e-01
2.544683516025543213e-01
2.336456477642059326e-01
9.864493459463119507e-02
2.056596130132675171e-01
-2.362491041421890259e-01
2.085063159465789795e-01
-1.605666577816009521e-01
-4.796481691300868988e-03
1.577708274126052856e-01
-2.411669939756393433e-01
1.378396451473236084e-01
-2.613424658775329590e-01
-2.491350471973419189e-01
-2.480424642562866211e-01
2.362103313207626343e-01
-1.847424656152725220e-01
-1.768926233053207397e-01
-2.156701833009719849e-01
2.257598936557769775e-01
1.888601779937744141e-01
1.480613946914672852e-01
-1.446771323680877686e-01
2.904826700687408447e-01
2.548556923866271973e-01
-2.176732569932937622e-01
-1.511278450489044189e-01
-2.080929428339004517e-01
1.481248140335083008e-01
-2.456866502761840820e-01
-1.868473589420318604e-01
-2.088170945644378662e-01
-2.580356299877166748e-01
2.551925778388977051e-01
2.238418906927108765e-01
-1.598416268825531006e-01
-1.773450225591659546e-01
2.265791893005371094e-01
-2.434148788452148438e-01
-1.699834614992141724e-01
-2.200911045074462891e-01
2.630749642848968506e-01
2.568836510181427002e-01
1.573208272457122803e-01
-1.949499398469924927e-01
-2.496125698089599609e-01
-4.969379678368568420e-02
2.341941148042678833e-01
1.812874674797058105e-01
-2.570562660694122314e-01
-5.306703597307205200e-02
1.934431642293930054e-01
2.257891744375228882e-01
-2.271408438682556152e-01
1.851837486028671265e-01
-8.163368701934814453e-02
1.619416773319244385e-01
2.087263911962509155e-01
1.949244439601898193e-01
1.929886490106582642e-01
1.888531446456909180e-01
-2.396996170282363892e-01
-2.069376111030578613e-01
2.056785374879837036e-01
-1.904164254665374756e-01
-2.198424041271209717e-01
-1.581680774688720703e-01
-2.190230190753936768e-01
2.162091881036758423e-01
-1.360128074884414673e-01
1.475164890289306641e-01
1.724919080734252930e-01
-1.783093661069869995e-01
-2.287534475326538086e-01
1.653954982757568359e-01
4.413791745901107788e-02
