1.823150962591171265e-01
-7.648271322250366211e-01
-1.063680291175842285e+00
1.025589227676391602e+00
-7.463243603706359863e-01
3.730013072490692139e-01
-1.717926710844039917e-01
1.513343602418899536e-01
1.451730728149414062e+00
-4.399713873863220215e-01
-9.783498644828796387e-01
-1.565140366554260254e+00
-6.657004952430725098e-01
-1.526209235191345215e+00
-1.067039072513580322e-01
-8.681395649909973145e-01
-2.085104882717132568e-01
-1.157290339469909668e-01
-4.348954558372497559e-01
2.418764591217041016e+00
4.545221030712127686e-01
4.596731960773468018e-01
-8.919966220855712891e-01
-5.033824443817138672e-01
-4.079138338565826416e-01
-1.941509485244750977e+00
5.852267146110534668e-03
-3.960683643817901611e-01
-9.741916656494140625e-01
-3.669916689395904541e-01
-2.622089684009552002e-01
-3.505997955799102783e-01
-9.250633120536804199e-01
1.477993577718734741e-01
6.900261640548706055e-01
-5.920138955116271973e-02
3.232899010181427002e-01
-2.151023596525192261e-01
-6.446478962898254395e-01
1.026366114616394043e+00
8.636525869369506836e-01
1.224782466888427734e+00
-5.357278585433959961e-01
1.451172586530447006e-02
-6.525871753692626953e-01
-2.001325339078903198e-01
-7.484208792448043823e-02
6.038387417793273926e-01
-3.744703829288482666e-01
-8.354404568672180176e-02
-6.151995062828063965e-01
7.115044444799423218e-02
5.187825113534927368e-02
-1.003111362457275391e+00
-2.371537387371063232e-01
7.499668598175048828e-01
1.813009083271026611e-01
-1.382261276245117188e+00
4.571984112262725830e-01
2.767511844635009766e+00
-1.169028878211975098e-01
-8.160462975502014160e-01
2.941996753215789795e-01
5.443154647946357727e-02
-1.342589974403381348e+00
2.003552317619323730e-01
2.047833442687988281e+00
1.444756425917148590e-02
1.421576499938964844e+00
-3.308858871459960938e-01
-3.928405344486236572e-01
-6.478708237409591675e-02
1.872517913579940796e-01
-1.489344537258148193e-01
5.261066555976867676e-01
2.984593510627746582e-01
1.128823757171630859e+00
-7.505396008491516113e-01
2.451208829879760742e-01
9.245145320892333984e-02
2.407113760709762573e-01
3.917129933834075928e-01
3.316420018672943115e-01
-1.151929855346679688e+00
8.621370419859886169e-03
3.574267923831939697e-01
-8.227079510688781738e-01
3.816246390342712402e-01
1.088627934455871582e+00
-2.382665723562240601e-01
4.145837128162384033e-01
1.439408659934997559e-01
8.301029801368713379e-01
-1.081686735153198242e+00
2.920756340026855469e-01
3.769843578338623047e-01
3.803835809230804443e-01
-8.908586502075195312e-01
-2.661003470420837402e-01
-4.512900710105895996e-01
