1.926344633102416992e-01
2.298351973295211792e-01
2.466398328542709351e-01
-2.218670994043350220e-01
1.471013277769088745e-01
-2.589311301708221436e-01
-2.147680371999740601e-01
-2.495029717683792114e-01
-1.396257430315017700e-02
1.314782649278640747e-01
-2.095874994993209839e-01
1.633687615394592285e-01
2.237952500581741333e-01
2.789251208305358887e-01
2.515585720539093018e-01
1.304011791944503784e-01
-1.794553250074386597e-01
1.918224617838859558e-02
-1.479028910398483276e-02
-7.663105428218841553e-02
-1.415934860706329346e-01
1.293453723192214966e-01
-2.221044600009918213e-01
-2.234244793653488159e-01
7.414712756872177124e-02
1.101299375295639038e-01
2.474660575389862061e-01
-1.421301960945129395e-01
8.087194710969924927e-02
-1.089546531438827515e-01
2.541196048259735107e-01
-2.585219144821166992e-01
2.676333189010620117e-01
-7.590936869382858276e-02
2.248777151107788086e-01
2.276491075754165649e-01
-7.666362076997756958e-02
9.264236688613891602e-02
2.170116007328033447e-01
-2.571146190166473389e-01
2.871174812316894531e-01
-2.228568941354751587e-01
2.147544026374816895e-01
1.608245521783828735e-01
1.927521824836730957e-01
8.127317577600479126e-02
-1.951384097337722778e-01
-2.244948744773864746e-01
8.337324112653732300e-02
2.584372758865356445e-01
-1.692196279764175415e-01
-2.472728192806243896e-01
2.763648629188537598e-01
-2.626467123627662659e-02
-2.402251660823822021e-01
2.480903416872024536e-01
-2.479629665613174438e-01
-2.539725005626678467e-01
-1.726095378398895264e-01
9.814517199993133545e-02
-2.452277243137359619e-01
-2.240158915519714355e-01
-2.639524340629577637e-01
-2.009173184633255005e-01
-2.084123641252517700e-01
-4.122971091419458389e-03
2.353201508522033691e-01
-2.570297420024871826e-01
1.844189465045928955e-01
-1.677886545658111572e-01
2.566861510276794434e-01
-1.084752529859542847e-01
-1.859460026025772095e-02
6.389050185680389404e-02
2.649058401584625244e-01
2.338475137948989868e-01
2.456891387701034546e-01
-3.459968417882919312e-02
-1.920840889215469360e-01
2.378091216087341309e-01
-1.945595294237136841e-01
-1.173213049769401550e-01
-2.714926600456237793e-01
-2.156565934419631958e-01
8.732545375823974609e-02
2.376079410314559937e-01
-7.058250904083251953e-02
-2.396436184644699097e-01
1.843012422323226929e-01
-1.758800297975540161e-01
-1.608655452728271484e-01
-5.241150036454200745e-02
1.187977567315101624e-01
1.839789748191833496e-02
2.633738517761230469e-01
2.618976235389709473e-01
2.615056335926055908e-01
2.287805378437042236e-01
-7.589039951562881470e-02
2.055912911891937256e-01
