1.415786594152450562e-01
-1.681772947311401367e+00
-6.930383443832397461e-01
-8.169684410095214844e-01
1.893481492996215820e+00
3.151197731494903564e-01
3.468091487884521484e-01
3.901881277561187744e-01
-1.487178683280944824e+00
-4.819898605346679688e-01
-5.705060362815856934e-01
4.101528823375701904e-01
-1.888679414987564087e-01
5.336437821388244629e-01
-5.555750131607055664e-01
-7.427384257316589355e-01
1.724698662757873535e+00
1.360788464546203613e+00
-1.892917871475219727e+00
9.499995112419128418e-01
-1.012224197387695312e+00
4.975532889366149902e-01
-1.139473795890808105e+00
7.110713124275207520e-01
-7.191289067268371582e-01
-2.900038845837116241e-03
2.279423326253890991e-01
-1.075777783989906311e-01
-5.226243138313293457e-01
3.192859888076782227e-01
-3.903965055942535400e-01
1.084586858749389648e+00
6.162570118904113770e-01
-8.446180820465087891e-01
4.148564040660858154e-01
-1.306947320699691772e-01
4.757558405399322510e-01
7.695950269699096680e-01
1.395078897476196289e+00
-4.560747742652893066e-01
9.898927211761474609e-01
1.383240669965744019e-01
1.868459820747375488e+00
-1.547051519155502319e-01
6.294188499450683594e-01
-5.117117166519165039e-01
3.631303012371063232e-01
3.003129959106445312e-01
1.163643836975097656e+00
1.097239255905151367e+00
6.169701218605041504e-01
1.637153267860412598e+00
-4.531702995300292969e-01
7.133483290672302246e-01
1.342519879341125488e+00
1.024486541748046875e+00
-5.724313259124755859e-01
-1.129269227385520935e-01
-8.537963032722473145e-01
1.155666828155517578e+00
1.518976569175720215e+00
-4.056500494480133057e-01
1.038824915885925293e+00
-4.714871346950531006e-01
-4.809268116950988770e-01
-8.236168026924133301e-01
-2.741065979003906250e+00
1.215621232986450195e+00
9.182348251342773438e-01
1.505881249904632568e-01
1.033106207847595215e+00
-5.631630420684814453e-01
-1.433846473693847656e+00
4.251881837844848633e-01
9.155037403106689453e-01
-3.316967487335205078e-01
-4.009056091308593750e-01
6.285480856895446777e-01
-1.070863604545593262e+00
1.017932295799255371e+00
-1.482955574989318848e+00
2.536831796169281006e-01
-9.110572338104248047e-01
-2.435088157653808594e+00
-9.538724422454833984e-01
-1.242499351501464844e+00
-4.134435057640075684e-01
-9.508575201034545898e-01
4.624244272708892822e-01
1.930885195732116699e+00
4.865705370903015137e-01
5.729376077651977539e-01
-6.822406053543090820e-01
7.134884595870971680e-01
6.240254640579223633e-01
-1.005053758621215820e+00
6.080795526504516602e-01
1.059213757514953613e+00
-1.108740329742431641e+00
-2.923342883586883545e-01
