-3.051550090312957764e-01
-1.206159964203834534e-01
3.265434205532073975e-01
-3.296400606632232666e-01
3.648472726345062256e-01
-1.128968715667724609e+00
1.359449148178100586e+00
-1.619011521339416504e+00
-1.368325233459472656e+00
3.625379502773284912e-01
5.358355641365051270e-01
-2.528821706771850586e+00
-1.486474871635437012e+00
2.396874576807022095e-01
5.609138011932373047e-01
1.005147337913513184e+00
5.538601279258728027e-01
1.783137470483779907e-01
-1.686192512512207031e+00
-9.649890661239624023e-01
-8.315119743347167969e-01
-4.761100113391876221e-01
1.626072406768798828e+00
-1.061327219009399414e+00
-1.003035068511962891e+00
4.697060286998748779e-01
1.103465318679809570e+00
7.779638171195983887e-01
7.636325359344482422e-01
6.365261226892471313e-02
-6.608921289443969727e-01
-6.048720479011535645e-01
-4.930225014686584473e-01
-5.088725090026855469e-01
2.322281748056411743e-01
-2.001760244369506836e+00
-7.798906564712524414e-01
-1.614585280418395996e+00
6.205208301544189453e-01
1.217975378036499023e+00
8.320336341857910156e-01
-2.780128419399261475e-01
-2.229979038238525391e-01
-5.447459816932678223e-01
-4.294803738594055176e-01
-1.560010612010955811e-01
2.059312820434570312e+00
2.605643868446350098e-01
9.741884469985961914e-02
-1.032533764839172363e+00
1.026531219482421875e+00
1.084954738616943359e-01
4.474373459815979004e-01
-5.277045965194702148e-01
3.089821636676788330e-01
4.394163191318511963e-01
-1.203989863395690918e+00
8.796766996383666992e-01
-1.648358404636383057e-01
2.554412186145782471e-01
-8.452664017677307129e-01
-1.366057515144348145e+00
7.256404161453247070e-01
5.231159925460815430e-02
-8.985913991928100586e-01
-3.939789161086082458e-02
7.715045809745788574e-01
6.819438934326171875e-01
1.257166266441345215e-02
-1.061211377382278442e-01
1.243125557899475098e+00
9.996818304061889648e-01
-2.792532742023468018e-01
2.890385389328002930e-01
6.576161384582519531e-01
1.098260283470153809e+00
-8.534992933273315430e-01
-3.042156696319580078e-01
1.002836465835571289e+00
-1.801655888557434082e+00
1.426934242248535156e+00
-2.154085636138916016e+00
-1.333041667938232422e+00
1.400948882102966309e+00
-4.130356609821319580e-01
6.580131649971008301e-01
-1.034811019897460938e+00
6.378006339073181152e-01
-7.832060456275939941e-01
8.497256636619567871e-01
-1.269478201866149902e+00
-1.874191761016845703e+00
-2.215926170349121094e+00
2.224837064743041992e+00
-5.311968922615051270e-01
-8.585504889488220215e-01
3.133935630321502686e-01
5.762553811073303223e-01
-4.943548142910003662e-01
7.755663245916366577e-02
