-2.531465291976928711e-01
1.118646636605262756e-01
1.656084954738616943e-01
-2.484852969646453857e-01
-1.105159595608711243e-01
3.059258162975311279e-01
9.821154922246932983e-02
6.859871000051498413e-02
1.016475111246109009e-01
2.415965348482131958e-01
-2.832366228103637695e-01
-7.493058592081069946e-02
-1.252173632383346558e-01
2.974256686866283417e-02
-2.594888210296630859e-01
-2.361910492181777954e-01
2.187121361494064331e-01
2.487551420927047729e-01
2.611691597849130630e-03
-2.658577263355255127e-01
2.186669856309890747e-01
7.457108795642852783e-02
-9.841212630271911621e-02
-2.192037701606750488e-01
1.118021756410598755e-01
2.593792080879211426e-01
2.512323558330535889e-01
-2.154151350259780884e-01
1.801340281963348389e-02
1.396167427301406860e-01
-9.724639356136322021e-02
-2.548424303531646729e-01
2.207169085741043091e-01
-2.289124280214309692e-01
-1.640873700380325317e-01
-2.200667709112167358e-01
-1.683350652456283569e-01
-1.960740983486175537e-01
2.785650081932544708e-03
2.616028785705566406e-01
1.270207017660140991e-01
-2.139725089073181152e-01
2.662552893161773682e-01
1.530419588088989258e-01
5.080911517143249512e-02
1.999715119600296021e-01
4.289191216230392456e-02
1.341027319431304932e-01
-2.397193387150764465e-02
-2.588795423507690430e-01
-2.699106037616729736e-01
2.339642792940139771e-01
-1.295541822910308838e-01
-5.455761030316352844e-02
-2.844657301902770996e-01
5.385537445545196533e-02
-1.693817675113677979e-01
-1.587302535772323608e-01
-2.521280646324157715e-01
-1.244915425777435303e-01
2.561291754245758057e-01
2.579509913921356201e-01
-8.377986401319503784e-02
-1.763980649411678314e-02
1.805337816476821899e-01
-2.632431387901306152e-01
-1.247194334864616394e-01
-7.305712997913360596e-02
-2.579899132251739502e-01
1.267911195755004883e-01
3.333371132612228394e-02
-2.893403768539428711e-01
1.483439058065414429e-01
-2.427833080291748047e-01
-2.243326753377914429e-01
-2.472643107175827026e-01
-2.005035728216171265e-01
-2.411670088768005371e-01
1.381798982620239258e-01
-2.035715132951736450e-01
-2.467712610960006714e-01
-2.070471048355102539e-01
2.196955084800720215e-01
1.057461723685264587e-01
1.451563835144042969e-01
1.965910941362380981e-01
-2.374732941389083862e-01
-2.084338665008544922e-01
2.453413456678390503e-01
-1.218633800745010376e-01
2.020406574010848999e-01
6.978499144315719604e-02
-1.271185427904129028e-01
-4.762841761112213135e-02
6.487005203962326050e-02
-5.328305438160896301e-02
-2.572371065616607666e-01
-1.078939139842987061e-01
1.237587630748748779e-01
1.930056959390640259e-01
