-2.490186393260955811e-01
-2.350636124610900879e-01
-2.219655066728591919e-01
-3.353528212755918503e-03
-9.636291861534118652e-02
-2.176820635795593262e-01
-8.993486315011978149e-02
1.073495149612426758e-01
-1.151608377695083618e-01
1.270667165517807007e-01
-2.564626336097717285e-01
2.306675612926483154e-01
-2.504786252975463867e-01
-9.493397176265716553e-02
2.355515807867050171e-01
1.802344471216201782e-01
2.005174010992050171e-01
-9.457714855670928955e-02
6.977670639753341675e-02
-3.056443668901920319e-02
2.338520735502243042e-01
-1.418294608592987061e-01
1.322994381189346313e-01
-2.467182725667953491e-01
-2.189458012580871582e-01
-1.239938810467720032e-01
-1.283670365810394287e-01
2.527696788311004639e-01
8.075463026762008667e-02
-2.549015879631042480e-01
-2.390881180763244629e-01
2.461084574460983276e-01
-1.808029562234878540e-01
-2.262219488620758057e-01
2.099419385194778442e-01
-2.356876432895660400e-01
-2.457659542560577393e-01
-1.896406561136245728e-01
-1.370864063501358032e-01
2.583198547363281250e-01
-6.737709790468215942e-02
2.523962855339050293e-01
-2.458517998456954956e-01
-2.617520987987518311e-01
-2.464681118726730347e-01
-2.486396580934524536e-01
2.363142520189285278e-01
-2.428972274065017700e-01
-2.589272558689117432e-01
-2.577952444553375244e-01
-1.533388942480087280e-01
4.872336983680725098e-02
5.042298510670661926e-02
-7.679711282253265381e-02
-2.419434934854507446e-01
7.429398596286773682e-02
-2.251724451780319214e-01
2.514081597328186035e-01
-2.598631978034973145e-01
-2.345113456249237061e-01
-2.596371769905090332e-01
-2.157793790102005005e-01
2.374474555253982544e-01
-2.418577373027801514e-01
-1.939081698656082153e-01
-2.322554141283035278e-01
6.224608421325683594e-02
-2.586715519428253174e-01
2.617904841899871826e-01
-2.230154126882553101e-01
-2.612338662147521973e-01
-6.531046330928802490e-02
-2.307687252759933472e-01
-2.171926200389862061e-01
-2.080295681953430176e-01
8.311276882886886597e-02
-1.524726152420043945e-01
1.021007597446441650e-01
-1.834591478109359741e-01
2.153060585260391235e-01
-2.381661832332611084e-01
2.033846378326416016e-01
1.388635784387588501e-01
-2.360701374709606171e-02
-1.975442469120025635e-01
2.095990628004074097e-01
-2.298120558261871338e-01
5.804000422358512878e-02
3.954598307609558105e-02
2.044098675251007080e-01
-2.238526940345764160e-01
-2.446079701185226440e-01
1.629748940467834473e-01
6.465779989957809448e-02
2.272345125675201416e-01
2.484316974878311157e-01
-3.995076194405555725e-02
-2.025022655725479126e-01
-1.878839284181594849e-01
-2.468329668045043945e-01
