-2.103027254343032837e-01
-2.593861222267150879e-01
6.835499405860900879e-02
-2.042702883481979370e-01
1.957177221775054932e-01
-2.282930612564086914e-01
-1.228014305233955383e-01
4.440795257687568665e-02
-2.712549865245819092e-01
1.991194784641265869e-01
2.334007769823074341e-01
1.205056011676788330e-01
2.154187858104705811e-01
1.121926456689834595e-01
2.286981344223022461e-01
2.352674156427383423e-01
2.120977044105529785e-01
2.339969128370285034e-01
-2.285322099924087524e-01
-2.020922005176544189e-01
4.719037935137748718e-02
1.253033876419067383e-01
-2.385606169700622559e-01
2.149593383073806763e-01
-1.170603856444358826e-01
-2.497148513793945312e-01
-2.313595414161682129e-01
6.616996228694915771e-02
-6.197887286543846130e-02
7.580851763486862183e-02
-5.104358866810798645e-02
-1.465578973293304443e-01
-2.446278035640716553e-01
-1.160201877355575562e-01
-2.198219150304794312e-01
5.068625137209892273e-02
2.107743769884109497e-01
-8.942463248968124390e-02
-2.125921249389648438e-01
2.327113896608352661e-01
-1.252328604459762573e-01
-1.886979639530181885e-01
2.526624798774719238e-01
1.976302117109298706e-01
1.274264007806777954e-01
3.572330251336097717e-02
-1.720185428857803345e-01
-1.017255783081054688e-01
1.238007191568613052e-02
-1.024814844131469727e-01
-1.099350377917289734e-01
-2.485958673059940338e-02
1.134380474686622620e-01
2.722192406654357910e-01
-1.012340839952230453e-02
1.232408732175827026e-01
9.241387248039245605e-02
-1.154670342803001404e-01
-1.259624809026718140e-01
2.332749217748641968e-01
2.159444242715835571e-01
8.482656627893447876e-02
1.963401287794113159e-01
-4.275666922330856323e-02
-1.247770860791206360e-01
2.320091128349304199e-01
-2.634287178516387939e-01
-2.605728805065155029e-01
-1.236371695995330811e-01
-2.420987188816070557e-01
-1.353594660758972168e-01
1.767211854457855225e-01
1.219456940889358521e-01
2.449106872081756592e-01
-1.330603957176208496e-01
3.539045527577400208e-02
2.509939670562744141e-01
-2.626199722290039062e-01
2.455809265375137329e-01
2.350393533706665039e-01
5.926482379436492920e-02
-1.934490948915481567e-01
-9.357689321041107178e-02
-2.116073518991470337e-01
-1.729203038848936558e-03
2.587602734565734863e-01
-2.095691710710525513e-01
2.129451036453247070e-01
6.326466053724288940e-02
-3.010777570307254791e-02
-2.293441630899906158e-02
1.366511881351470947e-01
-1.151776313781738281e-02
2.049075365066528320e-01
2.113388329744338989e-01
2.890363149344921112e-02
-4.661679267883300781e-02
2.638636529445648193e-01
1.954440325498580933e-01
1.170710846781730652e-01
