2.053709924221038818e-01
1.090635061264038086e+00
-2.938673198223114014e-01
1.463628172874450684e+00
-1.543511867523193359e+00
2.717010676860809326e-01
1.422437191009521484e+00
7.164397239685058594e-01
2.033578306436538696e-01
2.886475622653961182e-01
7.288076877593994141e-01
-7.039623260498046875e-01
-7.601410746574401855e-01
-4.732140004634857178e-01
-9.073545336723327637e-01
7.492384314537048340e-01
1.027187258005142212e-01
7.172436118125915527e-01
-1.021489858627319336e+00
-4.278307780623435974e-02
4.439078271389007568e-01
8.106687068939208984e-01
3.923152089118957520e-01
-1.350392937660217285e+00
1.699113130569458008e+00
-5.282384753227233887e-01
-2.146974325180053711e+00
-7.685469985008239746e-01
5.426308512687683105e-01
-9.085507988929748535e-01
2.054699361324310303e-01
-8.423566222190856934e-01
-1.152528166770935059e+00
2.567017376422882080e-01
4.510685801506042480e-01
1.516564369201660156e+00
9.965595602989196777e-01
-2.614040160551667213e-03
3.482671976089477539e-01
-1.373178124427795410e+00
-2.916828691959381104e-01
-1.205961108207702637e-01
1.257342934608459473e+00
8.963610529899597168e-01
5.793917924165725708e-02
1.007840752601623535e+00
-3.118850290775299072e-01
-1.455235034227371216e-01
-1.024986386299133301e+00
-9.812447428703308105e-01
2.659549415111541748e-01
1.386471986770629883e-01
4.050876200199127197e-01
-2.237752079963684082e-01
2.014262974262237549e-01
6.203466057777404785e-01
1.086788892745971680e+00
1.077894806861877441e+00
-7.980202436447143555e-01
-1.067239880561828613e+00
1.787799000740051270e-01
-1.300934702157974243e-01
1.705261766910552979e-01
1.373790502548217773e+00
-9.812653660774230957e-01
-6.768578886985778809e-01
-1.305873990058898926e+00
1.902445316314697266e+00
-3.947246074676513672e-01
5.680381059646606445e-01
2.941187322139739990e-01
-2.502501904964447021e-01
5.820188522338867188e-01
-8.004455566406250000e-01
-1.380309224128723145e+00
1.513097524642944336e+00
2.050359249114990234e+00
-7.160528302192687988e-01
-2.120640039443969727e+00
3.223966062068939209e-01
-2.130171298980712891e+00
-1.807292699813842773e-01
-6.307650208473205566e-01
1.392894506454467773e+00
-5.775756835937500000e-01
-1.803079724311828613e+00
-5.557502508163452148e-01
2.853839397430419922e-01
2.097732573747634888e-02
-5.998315215110778809e-01
1.230216473340988159e-01
1.039308384060859680e-01
2.999653220176696777e-01
3.668471872806549072e-01
-1.177031397819519043e-01
-9.798496365547180176e-01
-1.103419303894042969e+00
8.001587390899658203e-01
3.080227412283420563e-02
1.144801303744316101e-01
