1.974912583827972412e-01
-1.298424303531646729e-01
9.082712978124618530e-02
-1.148910447955131531e-01
1.826641559600830078e-01
-8.817831426858901978e-02
1.853439956903457642e-01
-2.406100928783416748e-01
-2.163095325231552124e-01
-2.167517840862274170e-01
-2.392942458391189575e-01
1.645152121782302856e-01
6.772740930318832397e-02
2.006838619709014893e-01
1.909948140382766724e-01
1.030287370085716248e-01
6.814862787723541260e-02
-1.912320107221603394e-01
1.824088245630264282e-01
-1.087216883897781372e-01
-1.826639920473098755e-01
-2.112146764993667603e-01
1.787805855274200439e-01
1.943162530660629272e-01
-1.186263188719749451e-01
1.471613496541976929e-01
-4.414308443665504456e-02
7.681734114885330200e-02
2.075636535882949829e-01
-3.524367511272430420e-01
1.905893683433532715e-01
-1.708585619926452637e-01
1.718413233757019043e-01
-3.026843369007110596e-01
2.126569896936416626e-01
-2.745930850505828857e-02
-1.802964368835091591e-03
-2.060629427433013916e-01
2.084482461214065552e-01
1.044745221734046936e-01
2.087920717895030975e-02
-7.834097743034362793e-02
-1.155819445848464966e-01
-2.231342345476150513e-01
-4.893891513347625732e-02
9.046249836683273315e-02
7.474295794963836670e-02
-2.153593897819519043e-01
1.936124116182327271e-01
-2.156596183776855469e-01
-2.717410922050476074e-01
-1.277890503406524658e-01
5.792217701673507690e-02
2.145437896251678467e-01
-9.053100645542144775e-02
-2.091971933841705322e-01
-1.219616532325744629e-01
1.267427355051040649e-01
-2.647682726383209229e-01
-1.700008958578109741e-01
-1.895488053560256958e-01
-1.002041548490524292e-01
-1.420090794563293457e-01
-1.044074594974517822e-01
1.783011257648468018e-01
-2.286699712276458740e-01
1.538088023662567139e-01
-7.207783311605453491e-02
-2.077405154705047607e-01
1.176490187644958496e-01
1.963963955640792847e-01
1.210923790931701660e-01
-4.894373565912246704e-02
-1.001637354493141174e-01
7.079243659973144531e-02
-1.196947470307350159e-01
-1.720683872699737549e-01
9.102267026901245117e-02
-1.798036545515060425e-01
2.184233069419860840e-01
-1.917362064123153687e-01
6.829993426799774170e-02
-8.619070798158645630e-02
1.434671729803085327e-01
-1.784453988075256348e-01
-1.010024547576904297e-01
-1.349398940801620483e-01
-1.661719679832458496e-01
1.430126428604125977e-01
-2.882316149771213531e-02
-1.906892806291580200e-01
1.022503152489662170e-01
-1.901978105306625366e-01
-1.995295882225036621e-01
-2.197044342756271362e-01
-2.388183921575546265e-01
1.782552897930145264e-01
1.690882146358489990e-01
-1.089297980070114136e-01
1.175842583179473877e-01
