1.068300828337669373e-01
1.287893801927566528e-01
-1.782627105712890625e-01
-1.588019877672195435e-01
1.660859286785125732e-01
-2.169172167778015137e-01
1.004613116383552551e-01
-2.665431052446365356e-02
-2.243504524230957031e-01
2.474091202020645142e-01
-2.418711036443710327e-01
6.122588738799095154e-02
-1.006091386079788208e-01
1.870881319046020508e-01
1.757721789181232452e-02
-1.100311130285263062e-01
1.274274885654449463e-01
-2.293805480003356934e-01
1.220976486802101135e-01
5.177403241395950317e-02
1.270173192024230957e-01
2.152424305677413940e-01
2.095086574554443359e-01
-1.608008742332458496e-01
-1.080102100968360901e-01
1.380147878080606461e-02
8.836653828620910645e-02
-1.894112527370452881e-01
2.004502564668655396e-01
-1.098056510090827942e-01
-2.252457290887832642e-01
-1.184958070516586304e-01
8.739192783832550049e-02
2.117243260145187378e-01
-2.044618874788284302e-01
-1.201732084155082703e-01
-1.040278822183609009e-01
2.280091941356658936e-01
2.408372163772583008e-01
2.228571921586990356e-01
2.412745207548141479e-01
8.856491744518280029e-02
-1.844744682312011719e-01
-1.613991707563400269e-01
-2.427492141723632812e-01
-2.187825888395309448e-01
-2.022059857845306396e-01
-1.346430629491806030e-01
1.664153635501861572e-01
-1.911314874887466431e-01
2.399641126394271851e-01
9.812459349632263184e-02
-1.850157380104064941e-01
1.885207295417785645e-01
2.268262654542922974e-01
-2.331239543855190277e-02
-2.248036563396453857e-01
1.486944556236267090e-01
2.127660959959030151e-01
6.797776371240615845e-02
-6.022490933537483215e-02
-1.425459235906600952e-01
-1.776601970195770264e-01
1.639332622289657593e-01
-5.913933366537094116e-02
-1.184047609567642212e-01
-2.140590175986289978e-02
-2.559858858585357666e-01
2.191774398088455200e-01
-2.305709570646286011e-01
-2.307539284229278564e-01
2.152882367372512817e-01
2.059710472822189331e-01
2.186783403158187866e-01
-1.991147100925445557e-01
2.300267964601516724e-01
-2.103123217821121216e-01
2.121462374925613403e-01
1.567579805850982666e-01
-2.079011797904968262e-01
-2.033623307943344116e-01
2.225272208452224731e-01
-2.477568835020065308e-01
-2.163617461919784546e-01
-1.689644902944564819e-01
-1.998073458671569824e-01
2.384564876556396484e-01
2.304443717002868652e-01
-4.149974882602691650e-02
-1.254981905221939087e-01
2.378303259611129761e-01
-1.114891469478607178e-01
1.024782657623291016e-01
-1.223671343177556992e-02
-5.210617929697036743e-02
-2.289580702781677246e-01
-8.171234279870986938e-02
2.177492678165435791e-01
1.894404590129852295e-01
1.998681761324405670e-02
