1.612185686826705933e-01
1.169456019997596741e-01
-2.762623429298400879e-01
2.560617029666900635e-01
1.691621690988540649e-01
9.710101038217544556e-02
3.094972372055053711e-01
-6.482923403382301331e-03
1.757992208003997803e-01
-2.614451348781585693e-01
2.913534045219421387e-01
-3.424087166786193848e-02
3.300578892230987549e-01
1.659352704882621765e-02
2.637413144111633301e-01
-2.939688265323638916e-01
-2.139080166816711426e-01
-4.769570380449295044e-02
-1.479691863059997559e-01
1.320096403360366821e-01
2.650242149829864502e-01
1.026842296123504639e-01
5.751493573188781738e-02
-1.696189939975738525e-01
-1.867549419403076172e-01
5.939460359513759613e-03
-2.502651512622833252e-01
2.373850345611572266e-01
3.157068490982055664e-01
2.955430448055267334e-01
6.221661716699600220e-02
2.342984378337860107e-01
1.224886327981948853e-01
-9.061086177825927734e-02
-1.015291363000869751e-01
2.763742506504058838e-01
2.005670815706253052e-01
-5.132917687296867371e-02
6.081853806972503662e-02
-1.316249668598175049e-01
-2.414786070585250854e-01
-3.312161266803741455e-01
-2.806196212768554688e-01
1.688721477985382080e-01
1.035326793789863586e-01
-1.232174038887023926e-01
3.071254789829254150e-01
-1.916044391691684723e-02
2.700236737728118896e-01
-2.762578427791595459e-01
-8.931713551282882690e-02
1.694153696298599243e-01
2.983025312423706055e-01
-2.747321724891662598e-01
2.394092082977294922e-01
2.501046955585479736e-01
-2.160794101655483246e-02
-7.242032140493392944e-02
-2.566988468170166016e-01
-2.632935345172882080e-01
3.827722743153572083e-02
-1.183778345584869385e-01
3.042710721492767334e-01
1.842521727085113525e-01
1.118740290403366089e-01
-3.218150734901428223e-01
1.847449690103530884e-01
-2.910792827606201172e-01
-2.971531450748443604e-01
-1.664467155933380127e-01
-2.597548365592956543e-01
-2.906814515590667725e-01
-2.338310936465859413e-03
5.987077020108699799e-03
-6.549837440252304077e-02
7.504253834486007690e-02
-2.031275816261768341e-02
-2.223179116845130920e-02
1.529752612113952637e-01
-2.635710537433624268e-01
-2.861619293689727783e-01
-1.241876855492591858e-01
-1.308739334344863892e-01
2.194508761167526245e-01
1.561384201049804688e-01
-4.098827019333839417e-02
-2.319175750017166138e-01
-1.019146814942359924e-01
2.230586856603622437e-02
-2.702338397502899170e-01
-3.445143103599548340e-01
2.122827768325805664e-01
-1.877900213003158569e-01
9.179915487766265869e-02
-2.496456205844879150e-01
2.602787613868713379e-01
-7.376758754253387451e-02
3.896814212203025818e-02
2.615178823471069336e-01
2.224168926477432251e-01
