9.831180572509765625e-01
-6.629729270935058594e-01
-2.644218504428863525e-01
-3.439404964447021484e-01
1.293106079101562500e-01
1.479816555976867676e+00
8.315464854240417480e-01
1.342521309852600098e+00
-8.777203559875488281e-01
8.336988091468811035e-01
-1.175780296325683594e-01
6.779616475105285645e-01
-3.350008726119995117e-01
1.017364382743835449e+00
6.814180016517639160e-01
9.485833644866943359e-01
3.921460807323455811e-01
-1.739395111799240112e-01
-9.444691538810729980e-01
2.014362514019012451e-01
2.327086478471755981e-01
1.479279398918151855e+00
3.955172896385192871e-01
-2.336726188659667969e-01
-1.795300245285034180e-01
6.703097224235534668e-01
4.600439667701721191e-01
3.797245398163795471e-02
2.217770814895629883e-01
-1.573079705238342285e+00
-1.788195729255676270e+00
1.167648956179618835e-01
9.205846190452575684e-01
4.187015295028686523e-01
9.432740807533264160e-01
-2.722928524017333984e-01
4.289481639862060547e-01
-1.525405168533325195e+00
-9.572610855102539062e-01
-1.257949322462081909e-01
-4.789901673793792725e-01
-1.170759081840515137e+00
6.742756366729736328e-01
-2.226068258285522461e+00
-3.949257135391235352e-01
6.614902615547180176e-01
-5.649492144584655762e-01
2.611608207225799561e-01
-2.599862813949584961e-01
-1.859317123889923096e-01
-1.593844652175903320e+00
3.401596844196319580e-01
2.713590264320373535e-01
6.247276067733764648e-01
-1.290180683135986328e+00
-1.105608701705932617e+00
-2.765004932880401611e-01
2.572512067854404449e-02
-2.933983504772186279e-02
-6.208777427673339844e-01
-6.313755512237548828e-01
-6.972782015800476074e-01
5.690954327583312988e-01
2.737721204757690430e-01
2.772014141082763672e-01
-6.137033104896545410e-01
3.912967145442962646e-01
-2.630440592765808105e-01
-3.027214668691158295e-02
1.991688609123229980e-01
-3.756506145000457764e-01
-5.571233630180358887e-01
-1.663686752319335938e+00
1.123995065689086914e+00
-8.241663575172424316e-01
1.435179561376571655e-01
-8.309887647628784180e-01
-1.336315423250198364e-01
6.490803360939025879e-01
1.210491895675659180e+00
-1.872370690107345581e-01
9.794827699661254883e-01
3.390311598777770996e-01
7.030366063117980957e-01
5.571756958961486816e-01
-5.433716177940368652e-01
-1.432194262742996216e-01
-6.479551792144775391e-01
-7.325433492660522461e-01
1.454205632209777832e+00
-6.202713847160339355e-01
2.091717720031738281e+00
-5.283871293067932129e-01
-5.819025039672851562e-01
1.524795174598693848e+00
9.836479276418685913e-02
6.983304619789123535e-01
2.382347434759140015e-01
4.040144979953765869e-01
4.107797741889953613e-01
