-8.391750603914260864e-02
1.832627207040786743e-01
1.986150890588760376e-01
1.221327632665634155e-01
9.435533732175827026e-02
1.958251446485519409e-01
-1.266380846500396729e-01
2.234243154525756836e-01
-2.030246704816818237e-01
1.927298903465270996e-01
-2.183689624071121216e-01
-1.433687061071395874e-01
-1.979601830244064331e-01
-1.756235659122467041e-01
2.459165751934051514e-01
-1.369071751832962036e-01
1.680713593959808350e-01
1.072992235422134399e-01
-2.100492566823959351e-01
2.089622616767883301e-01
1.373631954193115234e-01
1.489533334970474243e-01
2.610178887844085693e-01
-2.061744034290313721e-01
1.040848791599273682e-01
-1.845140159130096436e-01
-1.224915087223052979e-01
-1.905887126922607422e-01
6.823569536209106445e-02
-2.828195095062255859e-01
7.747266441583633423e-02
2.134942710399627686e-01
1.843424141407012939e-01
-1.296808421611785889e-01
-1.274776160717010498e-01
2.041226327419281006e-01
1.197528913617134094e-01
2.566320002079010010e-01
-2.214539647102355957e-01
-1.347310245037078857e-01
-2.383095473051071167e-01
-1.519103497266769409e-01
3.045790791511535645e-01
-1.225749179720878601e-01
-2.588653862476348877e-01
1.365553438663482666e-01
1.450646966695785522e-01
-1.082339659333229065e-01
2.074475139379501343e-01
-1.415505409240722656e-01
-2.486460208892822266e-01
-1.565067768096923828e-01
1.406141966581344604e-01
-1.323802024126052856e-01
-2.371260821819305420e-01
4.387528076767921448e-02
-1.254759281873703003e-01
1.978401243686676025e-01
-2.170086354017257690e-01
-1.159204617142677307e-01
-3.074364364147186279e-02
-2.276629656553268433e-01
-8.959774672985076904e-02
-2.015887647867202759e-01
1.325071901082992554e-01
-2.265757322311401367e-01
-2.214152067899703979e-01
9.548495709896087646e-02
3.504988253116607666e-01
-1.334521621465682983e-01
-1.925381273031234741e-01
9.872195869684219360e-02
-1.073184460401535034e-01
1.842698454856872559e-01
8.061198890209197998e-02
2.468980997800827026e-01
-2.126111090183258057e-01
1.573636382818222046e-01
1.577602922916412354e-01
-3.412939608097076416e-01
-1.958038210868835449e-01
-1.118105947971343994e-01
-2.111942470073699951e-01
-2.135038226842880249e-01
1.193782761693000793e-01
-1.194890663027763367e-01
2.293572127819061279e-01
9.215892851352691650e-02
-1.306160688400268555e-01
-1.260715126991271973e-01
2.089814394712448120e-01
1.853821128606796265e-01
-1.331055462360382080e-01
1.268933564424514771e-01
-2.014860063791275024e-01
-6.163946166634559631e-02
2.410408407449722290e-01
-6.264695525169372559e-02
2.086991369724273682e-01
-1.831986159086227417e-01
