-4.174741357564926147e-02
3.934495523571968079e-02
-2.044855058193206787e-01
-2.356042712926864624e-01
2.014686167240142822e-01
1.186293587088584900e-01
-3.014584444463253021e-02
4.415652528405189514e-02
-6.533060222864151001e-02
-2.137677222490310669e-01
1.893589459359645844e-02
-8.387253433465957642e-02
-2.607744634151458740e-01
-2.315286397933959961e-01
-2.363220602273941040e-01
1.182184740900993347e-01
-1.004298962652683258e-02
-4.371418431401252747e-02
-1.017905548214912415e-01
2.661993205547332764e-01
-2.351731508970260620e-01
1.798440814018249512e-01
6.910625100135803223e-02
1.340747773647308350e-01
-2.156430929899215698e-01
2.430979460477828979e-01
2.220137268304824829e-01
5.124680697917938232e-02
-2.379468828439712524e-01
-4.542001709342002869e-02
-2.070928514003753662e-01
1.888752728700637817e-01
5.600994825363159180e-02
-2.609479725360870361e-01
8.121635019779205322e-02
-8.265402168035507202e-02
-2.109702676534652710e-01
1.541006471961736679e-02
2.371553331613540649e-01
-2.854032814502716064e-01
1.033309772610664368e-01
3.604462370276451111e-02
-1.186938583850860596e-01
-2.780839428305625916e-02
-2.133383154869079590e-01
7.740046083927154541e-02
-3.869074210524559021e-02
1.291930675506591797e-01
2.374756187200546265e-01
1.653651446104049683e-01
-2.154061198234558105e-01
1.036941632628440857e-01
-1.117054969072341919e-01
3.933477401733398438e-02
2.157570123672485352e-01
-1.057954058051109314e-01
3.144733607769012451e-02
1.818297505378723145e-01
-2.985797822475433350e-02
-2.061654925346374512e-01
1.239555180072784424e-01
-6.331872940063476562e-02
1.194537878036499023e-01
2.252138853073120117e-01
1.278288513422012329e-01
-2.198604047298431396e-01
-7.297896593809127808e-02
2.168009132146835327e-01
-1.845573820173740387e-02
3.063738048076629639e-01
-1.569054424762725830e-01
7.590267807245254517e-02
-7.954201847314834595e-02
8.659780025482177734e-02
5.654306709766387939e-02
-1.197328418493270874e-01
-2.222036868333816528e-01
4.097453504800796509e-02
1.616267114877700806e-02
-2.174349427223205566e-01
-9.093792736530303955e-02
2.181182503700256348e-01
-1.282348781824111938e-01
1.886104047298431396e-01
-6.857815384864807129e-02
-1.905327737331390381e-01
2.710655629634857178e-01
-1.045174300670623779e-01
-1.234380975365638733e-01
-1.512213945388793945e-01
-5.256596207618713379e-02
1.890961229801177979e-01
-2.393289357423782349e-01
1.921780109405517578e-01
3.552063554525375366e-02
-1.983214169740676880e-01
-2.646066248416900635e-01
2.392634153366088867e-01
2.255978733301162720e-01
-2.086887359619140625e-01
