-2.491251677274703979e-01
-1.729419082403182983e-01
-6.388852000236511230e-02
-2.752073854207992554e-02
1.490449160337448120e-01
-1.375728100538253784e-01
2.691929340362548828e-01
2.194142341613769531e-01
-7.533691823482513428e-02
1.662165969610214233e-01
-1.857823282480239868e-01
-2.489391118288040161e-01
-1.254296898841857910e-01
-7.842937111854553223e-02
9.980898350477218628e-03
2.551160454750061035e-01
2.776015996932983398e-01
2.602246701717376709e-01
-2.331153005361557007e-01
-2.653961777687072754e-01
-2.437473982572555542e-01
-1.884113997220993042e-01
2.375035881996154785e-01
-7.741267234086990356e-02
-1.375314146280288696e-01
-1.914868652820587158e-01
-2.040750384330749512e-01
2.401831448078155518e-01
-1.413618028163909912e-01
3.763495013117790222e-02
1.807794123888015747e-01
2.400756776332855225e-01
-2.294459342956542969e-01
2.478397339582443237e-01
2.665894925594329834e-01
-6.770096719264984131e-02
1.325752139091491699e-01
2.826197445392608643e-02
-2.324089705944061279e-01
2.321265190839767456e-01
2.598501145839691162e-01
-2.360262721776962280e-01
2.494843751192092896e-01
2.341940701007843018e-01
1.707371906377375126e-03
-2.465123832225799561e-01
-2.751969993114471436e-01
-1.923825442790985107e-01
-2.661025524139404297e-01
-2.524887621402740479e-01
3.177905082702636719e-02
1.159483939409255981e-01
2.885415554046630859e-01
6.110244989395141602e-02
-6.832714378833770752e-02
-2.565252482891082764e-01
1.853872537612915039e-01
-2.625832855701446533e-01
1.550321578979492188e-01
1.637836396694183350e-01
-1.179384663701057434e-01
-2.672829926013946533e-01
-2.286389470100402832e-01
2.351016402244567871e-01
2.327601462602615356e-01
2.423000484704971313e-01
2.686695754528045654e-01
-2.587646842002868652e-01
-2.376433648169040680e-02
-5.712088942527770996e-02
1.744596213102340698e-01
2.478280067443847656e-01
1.698219180107116699e-01
-2.473921328783035278e-01
-2.307178378105163574e-01
2.227775603532791138e-01
-1.471076309680938721e-01
1.197026446461677551e-01
1.608391255140304565e-01
1.480663716793060303e-01
2.411312609910964966e-01
1.617365181446075439e-01
-2.510499060153961182e-01
-2.541063427925109863e-01
-1.785962432622909546e-01
-2.627441287040710449e-01
-2.207455635070800781e-01
-2.069431245326995850e-01
2.494288384914398193e-01
1.170403063297271729e-01
7.649919390678405762e-02
-2.432437837123870850e-01
7.637222856283187866e-02
-1.407667100429534912e-01
5.802944302558898926e-02
-2.412201315164566040e-01
1.986211687326431274e-01
-1.149003654718399048e-01
2.570328414440155029e-01
-2.030168175697326660e-01
