-7.347502112388610840e-01
-4.190561175346374512e-01
-8.814477175474166870e-02
-3.119071722030639648e-01
9.356985688209533691e-01
2.086736917495727539e+00
9.241023659706115723e-01
-8.592259287834167480e-01
-4.581857845187187195e-02
1.518325358629226685e-01
1.955860972404479980e+00
7.140725851058959961e-02
-3.924525380134582520e-01
-3.373681306838989258e-01
-6.181878447532653809e-01
-1.105757117271423340e+00
3.763360083103179932e-01
-2.447720766067504883e-01
1.039048671722412109e+00
1.472212314605712891e+00
7.775924205780029297e-01
-4.322223961353302002e-01
-1.178604736924171448e-01
1.005047917366027832e+00
1.393783211708068848e+00
1.512157320976257324e+00
-9.218478798866271973e-01
2.384123206138610840e-01
4.632640480995178223e-01
-7.296921610832214355e-01
7.949061989784240723e-01
1.583464503288269043e+00
2.225840687751770020e-01
-9.927639961242675781e-01
4.475171267986297607e-01
4.904948472976684570e-01
-7.559643983840942383e-01
8.132598400115966797e-01
2.651169896125793457e-01
6.161369681358337402e-01
1.000342249870300293e+00
9.039964526891708374e-02
3.077723979949951172e-01
1.744197010993957520e-01
1.438162922859191895e+00
1.011604547500610352e+00
8.759862780570983887e-01
1.153408885002136230e-01
-1.089201450347900391e+00
2.272882461547851562e-01
6.492868661880493164e-01
-5.717464685440063477e-01
-6.142331361770629883e-01
1.588489301502704620e-02
-2.251559346914291382e-01
5.214856266975402832e-01
1.516713738441467285e+00
-1.016014456748962402e+00
3.663238883018493652e-01
6.748268604278564453e-01
3.492611274123191833e-02
5.453370213508605957e-01
-7.801076173782348633e-01
-5.860563516616821289e-01
1.692699491977691650e-01
-3.806762397289276123e-01
-3.758069127798080444e-02
4.588696360588073730e-01
-8.001406192779541016e-01
1.232593972235918045e-02
8.998422324657440186e-02
-3.608304560184478760e-01
1.879480957984924316e+00
-7.675734907388687134e-02
-1.423324942588806152e+00
-6.902380585670471191e-01
1.626706004142761230e+00
5.336296558380126953e-01
6.219637393951416016e-01
4.863997697830200195e-01
-1.545241355895996094e+00
9.447399526834487915e-02
5.792317390441894531e-01
1.713678717613220215e+00
-2.463131994009017944e-01
-4.110991060733795166e-01
1.826234608888626099e-01
-5.255910158157348633e-01
1.664720773696899414e+00
-1.010253429412841797e+00
3.968974053859710693e-01
-2.438731044530868530e-01
-7.801613956689834595e-02
-9.043159484863281250e-01
1.474311232566833496e+00
1.270533919334411621e+00
1.563743948936462402e-01
1.996054351329803467e-01
-2.245320081710815430e+00
5.284658074378967285e-02
