1.216210946440696716e-01
-5.671462416648864746e-01
5.735383033752441406e-01
-5.394561290740966797e-01
-7.598388195037841797e-01
-5.572074055671691895e-01
1.432055830955505371e-01
-1.862410455942153931e-01
8.965261578559875488e-01
-1.114194750785827637e+00
3.402208089828491211e-01
-8.352973461151123047e-01
-9.969488978385925293e-01
-5.655546188354492188e-01
-1.093945980072021484e+00
-1.352146983146667480e+00
2.454871386289596558e-01
-6.450950503349304199e-01
-5.058215856552124023e-01
-4.333124160766601562e-01
8.374456167221069336e-01
7.382106184959411621e-01
-1.231556534767150879e+00
1.096562743186950684e+00
-8.614435791969299316e-01
2.514865100383758545e-01
-6.997411847114562988e-01
-2.430130481719970703e+00
1.825252920389175415e-01
-7.569828033447265625e-01
-9.054766297340393066e-01
3.349411189556121826e-01
-6.047503352165222168e-01
4.585171043872833252e-01
-1.953646689653396606e-01
-2.007398605346679688e+00
-1.022111296653747559e+00
1.560065299272537231e-01
-1.667389422655105591e-01
9.271708726882934570e-01
3.018108308315277100e-01
9.149459004402160645e-01
-1.617651462554931641e+00
-1.653778433799743652e+00
-6.195164918899536133e-01
-1.107373952865600586e+00
7.463524937629699707e-01
1.523481130599975586e+00
5.929582715034484863e-01
-6.904793381690979004e-01
1.459882974624633789e+00
1.452148914337158203e+00
-5.516357421875000000e-01
-1.183555841445922852e+00
-6.163957118988037109e-01
1.327484399080276489e-01
-3.107558786869049072e-01
2.008554488420486450e-01
9.465962648391723633e-02
-3.991562128067016602e-01
1.900933384895324707e-01
2.310086488723754883e+00
-7.261862158775329590e-01
1.526074647903442383e+00
8.505636453628540039e-01
-5.063331723213195801e-01
-1.262334227561950684e+00
1.679030537605285645e+00
-2.390440255403518677e-01
8.107863366603851318e-03
8.084091544151306152e-01
1.020069837570190430e+00
4.695311784744262695e-01
8.748981952667236328e-01
4.713030159473419189e-01
-2.015705347061157227e+00
-1.037543773651123047e+00
-4.670816063880920410e-01
8.263940364122390747e-02
7.541545033454895020e-01
1.024632573127746582e+00
-8.348928093910217285e-01
8.986220955848693848e-01
5.519890189170837402e-01
-1.111509799957275391e+00
-6.203985810279846191e-01
4.388843774795532227e-01
3.452091217041015625e-01
-8.117027878761291504e-01
-4.556202292442321777e-01
5.410587191581726074e-01
9.337965250015258789e-01
-1.026737451553344727e+00
7.981675863265991211e-01
-5.446838736534118652e-01
-2.055853009223937988e-01
-1.693616867065429688e+00
-1.195226460695266724e-01
5.569586753845214844e-01
-9.985629916191101074e-01
