3.866597637534141541e-02
-7.511774450540542603e-02
-5.158580467104911804e-02
-2.501717507839202881e-01
-9.216523915529251099e-02
-1.528767645359039307e-01
-1.340562105178833008e-01
2.504519522190093994e-01
-2.649106681346893311e-01
-1.749765723943710327e-01
1.710683554410934448e-01
2.273062020540237427e-01
1.017054095864295959e-01
1.494819074869155884e-01
8.173865824937820435e-02
-1.268482506275177002e-01
-2.155086547136306763e-01
-3.402663022279739380e-02
-2.482433915138244629e-01
1.654305309057235718e-01
-2.117259651422500610e-01
-1.226058527827262878e-01
2.035683840513229370e-01
-6.345226615667343140e-02
-2.179323136806488037e-01
-2.596288621425628662e-01
-2.827237844467163086e-01
4.829120635986328125e-02
-2.831686288118362427e-02
-2.705992162227630615e-01
2.848568558692932129e-01
-1.921158879995346069e-01
-2.554065287113189697e-01
-2.650842964649200439e-01
1.033679172396659851e-01
1.670370846986770630e-01
-2.008968442678451538e-01
2.547284364700317383e-01
-2.344226837158203125e-01
-8.391907066106796265e-02
5.877277255058288574e-02
1.734785735607147217e-02
-1.191263645887374878e-01
7.045679539442062378e-02
3.979511559009552002e-02
9.572942554950714111e-02
1.401050388813018799e-01
-2.106678783893585205e-01
2.538167536258697510e-01
-1.678767651319503784e-01
2.060690820217132568e-01
1.123939976096153259e-01
-2.288080193102359772e-02
1.154791563749313354e-02
6.856177747249603271e-02
-1.635560840368270874e-01
-2.600985169410705566e-01
1.031076684594154358e-01
-4.061405733227729797e-02
6.851709634065628052e-02
-1.205244585871696472e-01
-6.386778503656387329e-02
2.102066427469253540e-01
-2.200134545564651489e-01
2.198550999164581299e-01
1.019121482968330383e-01
-2.119286507368087769e-01
2.503740787506103516e-01
-2.665728032588958740e-01
-1.282365713268518448e-02
-2.218853384256362915e-01
-6.497742235660552979e-02
-1.981451958417892456e-01
2.676045596599578857e-01
1.672489494085311890e-01
-2.153074592351913452e-01
2.650921344757080078e-01
-2.355919778347015381e-01
9.771957248449325562e-02
-1.402652114629745483e-01
-2.893522754311561584e-02
-2.104585170745849609e-01
-2.492779344320297241e-01
-2.035705745220184326e-01
3.159343823790550232e-02
-1.993642151355743408e-01
-2.010082751512527466e-01
5.383451282978057861e-02
2.538431584835052490e-01
1.661713123321533203e-01
-2.640449404716491699e-01
-4.322144389152526855e-02
-1.693085581064224243e-01
-2.157225012779235840e-01
2.594625353813171387e-01
1.526919659227132797e-02
2.309255003929138184e-01
7.398112863302230835e-02
2.629696726799011230e-01
1.975620239973068237e-01
