5.209369957447052002e-02
-2.420212030410766602e-01
4.785493388772010803e-02
2.334875464439392090e-01
8.676844090223312378e-02
-2.875078022480010986e-01
2.210444211959838867e-01
1.611677557229995728e-01
-8.484584093093872070e-02
-9.619084186851978302e-03
4.318155720829963684e-02
1.411813795566558838e-01
1.338369399309158325e-01
-1.205324307084083557e-01
-7.526435703039169312e-02
-9.169685095548629761e-02
2.494613528251647949e-01
6.934783607721328735e-02
-1.729445904493331909e-01
2.529931962490081787e-01
-2.652235627174377441e-01
4.451123252511024475e-02
-1.917077749967575073e-01
2.048072516918182373e-01
8.769741654396057129e-02
-2.486575096845626831e-01
2.509345710277557373e-01
-2.633748054504394531e-01
-1.203290596604347229e-01
9.536407142877578735e-02
4.243536293506622314e-02
-2.469402998685836792e-01
-1.526521705090999603e-02
6.729878485202789307e-02
-1.519692828878760338e-03
4.854092001914978027e-02
6.421636044979095459e-02
-1.655839681625366211e-01
-2.539866268634796143e-01
-2.743298709392547607e-01
2.689770162105560303e-01
-2.190233953297138214e-02
1.084527596831321716e-01
1.801716238260269165e-01
-2.617807090282440186e-01
-7.310475222766399384e-03
-2.044427096843719482e-01
1.005177348852157593e-01
-2.448320686817169189e-01
-2.476523667573928833e-01
1.031826138496398926e-01
2.904261946678161621e-01
1.008414328098297119e-01
1.571863442659378052e-01
-1.566533893346786499e-01
-9.153565019369125366e-02
1.953910738229751587e-01
8.352790772914886475e-02
2.477535605430603027e-01
-1.060945093631744385e-01
-2.133275568485260010e-01
-9.144006296992301941e-03
-2.526900470256805420e-01
3.881934657692909241e-02
-2.426663599908351898e-02
2.412716746330261230e-01
-3.516242653131484985e-02
4.364514257758855820e-03
2.907055914402008057e-01
-1.546785682439804077e-01
-2.342624813318252563e-01
-6.610547751188278198e-02
2.363460958003997803e-01
-9.328123927116394043e-02
-2.169535756111145020e-01
2.529657185077667236e-01
-6.488885730504989624e-02
-1.090810224413871765e-01
2.431096732616424561e-01
-1.428091973066329956e-01
2.396002858877182007e-01
2.296032607555389404e-01
6.484871264547109604e-03
-2.203488498926162720e-01
2.819354832172393799e-01
6.040779128670692444e-02
1.645577549934387207e-01
-2.553891241550445557e-01
-1.166843473911285400e-01
-8.468420803546905518e-02
-2.158410698175430298e-01
2.380627840757369995e-01
3.905560076236724854e-02
-5.643166229128837585e-02
2.254373431205749512e-01
6.067474931478500366e-02
-1.081772893667221069e-01
-1.684185713529586792e-01
2.577221393585205078e-01
-2.424961775541305542e-01
