-2.394343763589859009e-01
2.182228416204452515e-01
-2.416592687368392944e-01
2.206075638532638550e-01
-2.156803011894226074e-01
2.450908720493316650e-01
-2.520178258419036865e-01
-5.017997324466705322e-02
2.374657690525054932e-01
2.038519680500030518e-01
-2.370556592941284180e-01
2.538179159164428711e-01
-4.391759634017944336e-02
-1.607207953929901123e-01
1.670056208968162537e-02
-2.054370343685150146e-01
-4.744448885321617126e-02
9.554604440927505493e-02
1.826987862586975098e-01
2.438437491655349731e-01
1.778782457113265991e-01
-1.576014757156372070e-01
-1.932042390108108521e-01
1.352920383214950562e-02
-2.579829692840576172e-01
-7.822458446025848389e-02
-9.635585546493530273e-02
-2.548161149024963379e-01
-2.263052612543106079e-01
2.128794342279434204e-01
-2.296337485313415527e-01
2.066240459680557251e-01
-2.359227538108825684e-01
-2.213041484355926514e-01
-2.105519771575927734e-01
-2.392871677875518799e-01
-1.160723529756069183e-02
-2.401745468378067017e-01
2.534282505512237549e-01
-1.548067778348922729e-01
-1.987568587064743042e-01
-3.676326945424079895e-02
-2.573267817497253418e-01
-2.538748979568481445e-01
-2.432341128587722778e-01
7.120657712221145630e-02
-1.274496465921401978e-01
3.948578611016273499e-02
-8.511208742856979370e-02
2.060778886079788208e-01
1.912948191165924072e-01
2.303975671529769897e-01
2.390753924846649170e-01
2.464517056941986084e-01
-2.514627873897552490e-01
2.107551097869873047e-01
1.283721029758453369e-01
2.483040392398834229e-01
2.232708036899566650e-01
2.525900900363922119e-01
-2.537103593349456787e-01
-2.522883415222167969e-01
-2.357364594936370850e-01
2.493343502283096313e-01
-1.698917895555496216e-02
-2.387956678867340088e-01
-2.405000627040863037e-01
2.502569258213043213e-01
-2.437974363565444946e-01
-5.155589431524276733e-02
2.338087409734725952e-01
-1.519101858139038086e-01
1.558577865362167358e-01
-2.521778643131256104e-01
-4.490571096539497375e-02
-1.474433665862306952e-04
1.839638948440551758e-01
2.174321413040161133e-01
-9.960299730300903320e-02
1.765152364969253540e-01
-1.393931359052658081e-01
-2.476295977830886841e-01
-2.444578707218170166e-01
2.411640286445617676e-01
-1.679352372884750366e-01
2.512093186378479004e-01
2.453787028789520264e-01
-2.091081142425537109e-01
-4.536942765116691589e-02
-5.464585497975349426e-02
9.493619948625564575e-02
-2.459940612316131592e-01
-8.064600825309753418e-02
-2.542341351509094238e-01
-9.632248547859489918e-04
-9.624861180782318115e-02
-6.968082487583160400e-02
-1.562746167182922363e-01
-6.832718849182128906e-02
-2.472883313894271851e-01
