-2.628164887428283691e-01
2.071383446455001831e-01
2.245400995016098022e-01
2.777960896492004395e-01
1.225050166249275208e-01
1.275629103183746338e-01
-2.069933116436004639e-01
-2.607681751251220703e-01
-2.852780520915985107e-01
2.311332523822784424e-01
-2.390863895416259766e-01
1.318304091691970825e-01
2.391858398914337158e-01
-4.046789929270744324e-02
2.352086454629898071e-01
2.002121210098266602e-01
2.276554107666015625e-01
-2.165741771459579468e-01
-1.306242793798446655e-01
1.325822621583938599e-01
-2.404493838548660278e-01
-2.278454601764678955e-01
1.911007463932037354e-01
1.074187224730849266e-03
-7.984740287065505981e-02
1.743693947792053223e-01
-2.132417410612106323e-01
2.324860692024230957e-01
-2.227563261985778809e-01
1.129772216081619263e-01
-4.864185675978660583e-02
1.010433062911033630e-01
-1.237274855375289917e-01
-1.126852408051490784e-01
-8.541972935199737549e-02
-1.427133828401565552e-01
-2.510519027709960938e-01
1.027397364377975464e-01
-1.220736876130104065e-01
-1.179127246141433716e-01
2.424306273460388184e-01
-1.470453292131423950e-01
-1.270702183246612549e-01
-1.355772763490676880e-01
3.129760921001434326e-01
5.226496607065200806e-02
2.393441945314407349e-01
7.163830101490020752e-02
-2.421561777591705322e-01
-2.180983573198318481e-01
4.456813633441925049e-02
-2.608201503753662109e-01
-2.341180294752120972e-01
2.906436622142791748e-01
-3.178432583808898926e-01
-1.394302994012832642e-01
-2.011105567216873169e-01
1.117940992116928101e-01
1.029955968260765076e-01
-4.243806377053260803e-02
2.210043072700500488e-01
-1.313623338937759399e-01
-6.014370173215866089e-02
1.321857869625091553e-01
2.669247984886169434e-01
1.254110783338546753e-01
-1.018332466483116150e-01
-8.998579531908035278e-02
-2.190127670764923096e-01
-1.285225301980972290e-01
1.094549596309661865e-01
1.099824979901313782e-01
3.389255702495574951e-02
-2.497599422931671143e-01
-9.828896075487136841e-02
-2.256755679845809937e-01
1.420688629150390625e-01
-2.387665063142776489e-01
2.228352427482604980e-01
1.383261084556579590e-01
-2.024216949939727783e-01
-5.567722395062446594e-02
-1.477358043193817139e-01
1.069338992238044739e-01
2.623561918735504150e-01
-2.981992065906524658e-02
2.364077568054199219e-01
2.656841874122619629e-01
-2.849789261817932129e-01
-2.577539384365081787e-01
1.369746625423431396e-01
-2.236317396163940430e-01
1.985193192958831787e-01
2.229210361838340759e-02
2.648670077323913574e-01
2.110450267791748047e-01
2.546061575412750244e-01
2.310748547315597534e-01
2.067466378211975098e-01
-2.245649099349975586e-01
