-1.104944795370101929e-01
-2.718391418457031250e-01
-2.813868522644042969e-01
7.601632969453930855e-04
-8.855506777763366699e-03
-1.284788548946380615e-01
1.167854145169258118e-01
-1.497607380151748657e-01
-1.058250367641448975e-01
-6.463907659053802490e-02
-1.116996258497238159e-02
-2.000236958265304565e-01
-1.030658036470413208e-01
3.663517907261848450e-02
2.641825675964355469e-01
2.904415130615234375e-01
-2.458764314651489258e-01
-2.291170656681060791e-01
2.649856209754943848e-01
2.198312878608703613e-01
-2.302954941987991333e-01
-1.347283273935317993e-01
2.487254440784454346e-01
2.207935601472854614e-01
-8.266413956880569458e-02
2.237014621496200562e-01
1.098832264542579651e-01
-3.858660906553268433e-02
-1.471797674894332886e-01
-6.789924204349517822e-02
2.759225964546203613e-01
1.821795254945755005e-01
2.640236020088195801e-01
1.177588924765586853e-01
-1.184619069099426270e-01
2.691894769668579102e-01
-1.635477244853973389e-01
-2.367817610502243042e-01
1.917101740837097168e-01
2.566967308521270752e-01
2.160460501909255981e-01
5.741782486438751221e-02
-3.112845420837402344e-01
-2.158216387033462524e-01
2.390538305044174194e-01
-2.578083276748657227e-01
-1.489816159009933472e-01
4.538910090923309326e-02
1.266422867774963379e-01
-1.136446595191955566e-01
-1.972819119691848755e-01
1.036512926220893860e-01
-2.215061485767364502e-01
3.107538521289825439e-01
7.126875966787338257e-02
-1.274522840976715088e-01
-2.692607045173645020e-01
1.419037133455276489e-01
-1.944110728800296783e-03
2.555848062038421631e-01
6.864921003580093384e-02
-2.371187321841716766e-02
-1.535861492156982422e-01
-2.492091953754425049e-01
-2.968837022781372070e-01
2.566986083984375000e-01
-2.556950747966766357e-01
-2.093123793601989746e-01
-2.855110466480255127e-01
1.474334299564361572e-01
-2.333724498748779297e-01
1.229878589510917664e-01
1.836139708757400513e-01
-7.502574473619461060e-02
-2.613113224506378174e-01
2.232557386159896851e-01
-2.443964034318923950e-01
2.370368242263793945e-01
-6.330864876508712769e-02
-6.780603528022766113e-02
2.983735203742980957e-01
8.852002769708633423e-02
-2.735659778118133545e-01
-2.198265641927719116e-01
2.316474467515945435e-01
2.463884204626083374e-01
1.505467295646667480e-01
-7.026273012161254883e-02
-2.619299292564392090e-01
-2.521629333496093750e-01
-2.504818737506866455e-01
1.327317059040069580e-01
2.653358876705169678e-01
1.042325347661972046e-01
8.607577532529830933e-02
-9.637009352445602417e-02
-2.376975864171981812e-01
5.897557735443115234e-02
3.103620707988739014e-01
2.495023161172866821e-01
